0 32 1.26263 15.1515 45.101 110 0 51.288 90.9091 51.288 8.48485 22.7848 89.6203 9.9058 0 10.4826 0 12.1212 3.0303 35 300 100.606;
0 36.202 0 21.2121 44.0909 110 0 62.1212 93.3333 99.2405 21.8182 50.1266 89.6203 0.1 0 0.1 0 8.08081 52.5253 34 0 4.84848;
0 23.2727 8.83838 33.3333 41.0606 110 8.08081 31.8182 50.9091 63.7975 49.0909 24.3038 86.5823 0.1 0 0.1 0 20.202 7.07071 34 0 4.84848;
180.423 0.64 8.83838 29.2929 26.9192 110 18.1818 87.4072 99.3939 87.4072 18.7879 95.6962 97.2152 2.11884 0 15.9623 0 12.1212 15.1515 42 300 100.606;
141.6 6 0 29.2929 41.0606 110 7.06061 70.8 50.9091 70.8 17.5758 0 0 4.13768 0 9.61739 0 57.5758 58.5859 1 0 4.84848;
0 60.7677 0 15.1515 14.798 110 1 34.8485 90.9091 26.5823 34.5455 37.9747 78.9873 9.32899 0 5.86812 0 12.1212 28.2828 12 0 4.84848;
110 17.28 0 15.1515 14.798 110 1 67.5 107.879 67.5 30.9091 88.1013 0 0.7 0 0.7 0 81.8182 50.5051 35 0 4.84848;
0 25 0 9.09091 14.798 110 13.1212 69.697 67.8788 60.2532 60 77.4684 0 7.31014 0 6.44493 0 14.1414 37.3737 35 0 4.84848;
151.36 17.28 0 0 10.101 110 26.2626 74.72 88.4848 74.72 60 100.253 0 0.9256 0 0.9256 0 77.7778 84.8485 5 0 4.84848;
137.28 17.28 5.05051 36.3636 17.8283 110 34.3333 70.56 89.697 70.56 33.9394 100.253 92.6582 0.9112 0 0.9112 0 43.4343 63.6364 37 203.03 23.0303;
117.04 17.28 2.52525 85.8586 45.101 110 84.8485 64.58 0 64.58 20.6061 94.1772 92.6582 0.7916 0 0.7916 0 25.2525 83.8384 40 275.303 7.27273;
132 17.28 0 54.5455 48.4848 110 7.07071 95 90.9091 95 30.9091 88.1013 120 1.3 0 1.3 0 3.0303 43.4343 42 15.1515 9.69697;
139.04 17.28 2.52525 11.1111 90.5556 110 86.8687 71.08 93.3333 71.08 52.7273 89.6203 120 0.9848 0 0.9848 0 7.07071 90.9091 14 266.667 26.6667;
178.64 17.28 7.57576 85.8586 23.8889 110 88.8889 82.78 75.1515 82.78 15.7576 50.1266 89.6203 1.2368 0 1.2368 0 8.08081 52.5253 35 300 100.606;
0 3 5.05051 29.2929 27.9293 110 6.05051 86.3636 50.9091 74.4304 52.7273 92.6582 97.2152 10.1942 0 9.9058 0 56.5657 80.8081 35 300 100.606;
0 3 5.05051 29.2929 27.9293 110 6.05051 110.606 50.9091 74.4304 52.7273 92.6582 97.2152 10.1942 0 9.9058 0 56.5657 80.8081 35 300 100.606;
0 9.69697 0 33.3333 60.2525 110 19.1818 83.3333 50.9091 116.962 21.2121 75.9494 92.6582 6.44493 0 5.86812 0 45.4545 65.6566 35 300 100.606;
153.12 26.88 0 74.7475 42.0707 110 61.6061 68.74 32.7273 68.74 34.5455 16.7089 78.9873 0.994 0 0.994 0 78.7879 63.6364 35 27.2727 16.9697;
286 26.88 8.83838 23.2323 31.9697 110 39.3838 94.74 23.0303 94.74 30.303 97.2152 120 1.6 0 1.6 0 82.8283 8.08081 2 18.1818 87.2727;
245.08 26.88 5.05051 9.09091 14.798 110 13.1212 80.7 67.8788 80.7 60 86.5823 85.0633 1.348 0 1.348 0 14.1414 37.3737 50 300 100.606;
0 6.46465 0 0 10.101 110 23.2323 96.9697 92.1212 81.519 60 103.291 0 0 0 0 0 72.7273 84.8485 5 300 100.606;
210.496 26.88 0 84.8485 48.1313 110 54.5354 69.78 81.2121 69.78 6.06061 98.7342 0 1.1404 0 1.1404 0 43.4343 75.7576 40 300 25.4545;
168.854 26.88 0 15.1515 54.1919 110 1 60.992 90.9091 60.992 57.5758 97.2152 0 0.91056 0 0.91056 0 24.2424 73.7374 26 300 18.1818;
140.272 26.88 32.8283 84.8485 19.8485 110 56.5657 54.96 96.9697 54.96 60 103.291 112.405 0.7528 0 0.7528 0 79.798 65.6566 35 300 100.606;
